+-----------------------------------------------------------------------------------------------------------------------------------------------------------------------------------------------------------------+
; Legal Partition Candidates                                                                                                                                                                                      ;
+------------+-------+----------------+--------------+----------------+--------+-----------------+---------------+-----------------+-------+----------------+--------------+------------------+-------------------+
; Hierarchy  ; Input ; Constant Input ; Unused Input ; Floating Input ; Output ; Constant Output ; Unused Output ; Floating Output ; Bidir ; Constant Bidir ; Unused Bidir ; Input only Bidir ; Output only Bidir ;
+------------+-------+----------------+--------------+----------------+--------+-----------------+---------------+-----------------+-------+----------------+--------------+------------------+-------------------+
; cnt0|n0_29 ; 2081  ; 5              ; 0            ; 5              ; 32     ; 5               ; 5             ; 5               ; 0     ; 0              ; 0            ; 0                ; 0                 ;
; cnt0|n0_28 ; 2081  ; 5              ; 0            ; 5              ; 32     ; 5               ; 5             ; 5               ; 0     ; 0              ; 0            ; 0                ; 0                 ;
; cnt0|n0_27 ; 2081  ; 5              ; 0            ; 5              ; 32     ; 5               ; 5             ; 5               ; 0     ; 0              ; 0            ; 0                ; 0                 ;
; cnt0|n0_26 ; 2081  ; 5              ; 0            ; 5              ; 32     ; 5               ; 5             ; 5               ; 0     ; 0              ; 0            ; 0                ; 0                 ;
; cnt0|n0_25 ; 2081  ; 5              ; 0            ; 5              ; 32     ; 5               ; 5             ; 5               ; 0     ; 0              ; 0            ; 0                ; 0                 ;
; cnt0|n0_24 ; 2081  ; 5              ; 0            ; 5              ; 32     ; 5               ; 5             ; 5               ; 0     ; 0              ; 0            ; 0                ; 0                 ;
; cnt0|n0_23 ; 2081  ; 5              ; 0            ; 5              ; 32     ; 5               ; 5             ; 5               ; 0     ; 0              ; 0            ; 0                ; 0                 ;
; cnt0|n0_22 ; 2081  ; 5              ; 0            ; 5              ; 32     ; 5               ; 5             ; 5               ; 0     ; 0              ; 0            ; 0                ; 0                 ;
; cnt0|n0_21 ; 2081  ; 5              ; 0            ; 5              ; 32     ; 5               ; 5             ; 5               ; 0     ; 0              ; 0            ; 0                ; 0                 ;
; cnt0|n0_20 ; 2081  ; 5              ; 0            ; 5              ; 32     ; 5               ; 5             ; 5               ; 0     ; 0              ; 0            ; 0                ; 0                 ;
; cnt0|n0_19 ; 2081  ; 5              ; 0            ; 5              ; 32     ; 5               ; 5             ; 5               ; 0     ; 0              ; 0            ; 0                ; 0                 ;
; cnt0|n0_18 ; 2081  ; 5              ; 0            ; 5              ; 32     ; 5               ; 5             ; 5               ; 0     ; 0              ; 0            ; 0                ; 0                 ;
; cnt0|n0_17 ; 2081  ; 5              ; 0            ; 5              ; 32     ; 5               ; 5             ; 5               ; 0     ; 0              ; 0            ; 0                ; 0                 ;
; cnt0|n0_16 ; 2081  ; 5              ; 0            ; 5              ; 32     ; 5               ; 5             ; 5               ; 0     ; 0              ; 0            ; 0                ; 0                 ;
; cnt0|n0_15 ; 2081  ; 5              ; 0            ; 5              ; 32     ; 5               ; 5             ; 5               ; 0     ; 0              ; 0            ; 0                ; 0                 ;
; cnt0|n0_14 ; 2081  ; 5              ; 0            ; 5              ; 32     ; 5               ; 5             ; 5               ; 0     ; 0              ; 0            ; 0                ; 0                 ;
; cnt0|n0_13 ; 2081  ; 5              ; 0            ; 5              ; 32     ; 5               ; 5             ; 5               ; 0     ; 0              ; 0            ; 0                ; 0                 ;
; cnt0|n0_12 ; 2081  ; 5              ; 0            ; 5              ; 32     ; 5               ; 5             ; 5               ; 0     ; 0              ; 0            ; 0                ; 0                 ;
; cnt0|n0_11 ; 2081  ; 5              ; 0            ; 5              ; 32     ; 5               ; 5             ; 5               ; 0     ; 0              ; 0            ; 0                ; 0                 ;
; cnt0|n0_10 ; 2081  ; 5              ; 0            ; 5              ; 32     ; 5               ; 5             ; 5               ; 0     ; 0              ; 0            ; 0                ; 0                 ;
; cnt0|n0_9  ; 2081  ; 5              ; 0            ; 5              ; 32     ; 5               ; 5             ; 5               ; 0     ; 0              ; 0            ; 0                ; 0                 ;
; cnt0|n0_8  ; 2081  ; 5              ; 0            ; 5              ; 32     ; 5               ; 5             ; 5               ; 0     ; 0              ; 0            ; 0                ; 0                 ;
; cnt0|n0_7  ; 2081  ; 5              ; 0            ; 5              ; 32     ; 5               ; 5             ; 5               ; 0     ; 0              ; 0            ; 0                ; 0                 ;
; cnt0|n0_6  ; 2081  ; 5              ; 0            ; 5              ; 32     ; 5               ; 5             ; 5               ; 0     ; 0              ; 0            ; 0                ; 0                 ;
; cnt0|n0_5  ; 2081  ; 5              ; 0            ; 5              ; 32     ; 5               ; 5             ; 5               ; 0     ; 0              ; 0            ; 0                ; 0                 ;
; cnt0|n0_4  ; 2081  ; 5              ; 0            ; 5              ; 32     ; 5               ; 5             ; 5               ; 0     ; 0              ; 0            ; 0                ; 0                 ;
; cnt0|n0_3  ; 2081  ; 5              ; 0            ; 5              ; 32     ; 5               ; 5             ; 5               ; 0     ; 0              ; 0            ; 0                ; 0                 ;
; cnt0|n0_2  ; 2081  ; 5              ; 0            ; 5              ; 32     ; 5               ; 5             ; 5               ; 0     ; 0              ; 0            ; 0                ; 0                 ;
; cnt0|n0_1  ; 2081  ; 5              ; 0            ; 5              ; 32     ; 5               ; 5             ; 5               ; 0     ; 0              ; 0            ; 0                ; 0                 ;
; cnt0|n0_0  ; 2081  ; 5              ; 0            ; 5              ; 32     ; 5               ; 5             ; 5               ; 0     ; 0              ; 0            ; 0                ; 0                 ;
; cnt0       ; 68    ; 92             ; 0            ; 92             ; 547    ; 92              ; 92            ; 92              ; 0     ; 0              ; 0            ; 0                ; 0                 ;
; db0        ; 44    ; 0              ; 0            ; 0              ; 65     ; 0               ; 0             ; 0               ; 0     ; 0              ; 0            ; 0                ; 0                 ;
+------------+-------+----------------+--------------+----------------+--------+-----------------+---------------+-----------------+-------+----------------+--------------+------------------+-------------------+
